0001000001010001000100111110010001001000100100010
0111100010001001000010111110010000101000100111100
0001100001001001000010100000010000100100100001100
0111100010001001000010100001010000101000100111100
0111111010000001000000111110010000001000000111111
0111111010000001000000111110010000001000000100000
0011110010000101000000101110010100101000010011110
0100010010001001000100111110010001001000100100010
0111110000100000010000001000000100000010000111110
0111110000100000010000001000000100010010001111000
0100010010010001010000110000010100001001000100010
0100000010000001000000100000010000001000000111111
1000001110001110101011001001100000110000011000001
1000001110000110100011001001100010110000111000001
0011100010001010000011000001100000101000100011100
0111110010000101000010111110010000001000000100000
0011100010001010000011001001100010101000100011101
0111110010000101000010111110010100001001000100010
0011110010000001000000011100000001000000100111100
1111111000100000010000001000000100000010000001000
0100010010001001000100100010010001001000100011100
0100010010001001000100100010010001000101000001000
1000001100000110000011001001101010111000111000001
1000001010001000101000001000001010001000101000001
1000001010001000101000001000000100000010000001000
1111111000001000001000001000001000001000001111111
0001000001100001010000001000000100000010000111110
0011110010001001001000001000001000001000001111111
0111100000001000000010111110000000100000100111100
0000110000101000100100111111000001000000100000010
0111110010000001000000111100000001000000100111100
0011110010000001000000111100010001001000100111100
0111111000001000001000001000001000001000001000000
0011100010001010000010111110100000101000100011100
0011100010001001000100011110000001000000100111100
0111110100000110000011000001100000110000010111110